BỘ GIÁO DỤC VÀ ĐÀO TẠO		CỘNG HÒA XÃ HỘI CHỦ NGHĨA VIỆT NAM
TRƯỜNG ĐẠI HỌC NHA TRANG		Độc lập - Tự do - Hạnh phúc
KẾT QUẢ KHẢO SÁT THEO PHIẾU
Mã phiếu:		 P01
Người cập nhật:	 nthhuong
Tên phiếu:		 PHIẾU THU THẬP THÔNG TIN DẠY VÀ HỌC
Ngày lập:	 23-02-2021
Hoạt động khảo sát:		 DGHP - Đánh giá học phần
Trạng thái:	 Sử dụng
Nhóm học phần/Học phần:		 03/02 - Lập trình hướng đối tượng
Cán bộ:	 02 - Phạm Thị Kim Ngoan
Stt	Kết quả (%)
	[1]	[2]	[3]	[4]	[5]	[6]	[7]	[8]	[9]	[10]	[11]	[12]	[13]	[14]	[15]	[16]	[17]	[18]	[19]
1	5	5	5	5	5	5	5	5	5	5	4	4	5	5	5	5	1	1	2
2	4	4	5	4	4	4	5	5	4	4	5	4	4	5	4	4	1	1	2
3	5	5	5	5	5	5	5	4	5	5	5	5	5	5	5	5	1	1	2
4	4	4	4	4	4	4	4	4	4	4	4	4	4	4	4	4	1	1	3
5	5	4	4	3	3	4	4	5	4	4	3	3	4	3	3	5	1	1	3
6	5	5	5	5	5	5	5	5	5	5	5	5	5	5	5	5	1	1	2
7	3	4	3	4	3	3	3	3	4	3	3	3	4	3	4	4	1	1	1
8	4	4	4	4	4	4	4	4	4	4	4	4	4	4	4	4	1	1	1
9	5	5	4	5	5	5	5	5	4	5	5	4	4	5	5	5	1	1	3
10	5	5	5	5	5	5	5	5	5	5	5	5	5	5	5	5	1	1	1
11	4	4	4	4	4	4	4	4	4	4	4	4	4	4	4	4	1	1	2
12	3	3	3	3	3	3	3	3	3	3	3	3	3	3	3	4	1	1	2
13	5	5	5	5	5	5	5	5	5	5	5	5	5	5	5	5	1	1	3
14	3	4	4	5	3	4	3	4	4	4	4	3	2	4	5	4	1	1	3
15	3	3	3	3	3	3	3	3	3	3	3	3	3	3	3	3	1	1	2
16	4	5	4	5	5	5	5	5	4	4	4	4	4	4	5	5	1	1	2
17	4	5	5	5	5	5	5	4	5	4	5	5	5	5	3	3	1	1	3
18	4	4	4	4	4	4	4	3	4	4	4	4	4	5	3	3	1	1	4
19	5	5	5	5	5	5	5	5	5	5	5	5	5	5	5	5	1	1	3
20	5	5	5	5	5	5	5	5	5	5	5	5	5	5	5	5	1	1	1
21	4	4	4	4	4	4	4	4	4	4	4	4	4	4	4	4	1	1	3
22	5	5	5	5	5	5	5	5	5	5	5	5	5	5	5	5	1	1	0
23	5	5	5	5	5	5	5	5	5	5	5	5	5	5	5	5	1	1	2
24	4	4	4	4	4	4	4	4	4	4	4	4	4	4	4	4	1	1	2
25	5	5	5	5	5	5	5	3	4	4	4	5	5	3	4	5	1	1	2
26	4	2	4	4	5	3	2	3	3	3	2	4	2	2	1	3	1	1	5
27	3	1	3	3	5	4	4	3	2	3	2	2	3	3	3	3	1	1	3
28	4	4	4	4	4	4	4	4	4	4	4	4	4	4	4	4	1	1	3
29	4	4	4	4	4	4	4	4	4	4	4	4	4	4	4	4	1	1	3
30	5	5	5	5	5	5	5	5	5	5	5	5	5	5	5	5	1	1	3
31	5	5	5	5	5	5	5	5	5	5	5	5	5	5	5	5	1	1	3
32	5	5	5	5	5	5	5	5	5	5	5	5	5	5	5	5	1	1	5
33	5	5	5	5	5	5	5	5	5	5	5	5	5	5	5	5	1	1	2
34	5	5	5	5	5	5	5	5	5	5	5	5	5	5	5	5	1	1	0
35	4	4	4	4	4	4	4	4	4	4	4	4	4	4	4	4	1	1	3
36	4	4	4	4	4	4	4	4	4	4	4	4	4	4	4	4	1	1	3
37	5	5	5	5	5	5	4	5	4	5	5	5	4	5	3	5	1	1	3
38	4	4	4	4	4	4	4	4	4	4	4	4	4	4	4	4	1	1	3
39	4	4	4	4	4	4	4	4	4	4	4	4	4	4	4	4	1	1	2
40	5	5	5	4	5	5	5	5	5	5	5	5	5	5	5	5	1	1	2
41	5	5	5	5	5	5	5	5	5	5	5	5	5	5	5	5	1	1	4
42	3	5	5	5	5	4	5	4	5	3	5	5	5	3	3	4	1	1	0
43	5	5	5	5	5	5	5	5	5	5	5	5	5	5	5	5	1	1	2
44	4	4	4	4	4	4	4	4	4	4	4	4	4	4	4	4	1	1	2
45	4	4	4	4	4	4	4	4	4	3	4	4	4	4	3	4	1	1	2
46	4	4	4	5	5	4	4	4	4	5	5	5	5	4	5	5	1	1	3
47	5	5	5	5	5	5	5	5	5	5	5	5	5	5	5	5	1	1	2
48	5	5	5	5	5	5	5	5	5	5	5	5	5	5	5	5	1	1	2
49	4	4	4	4	4	4	4	4	4	4	4	4	4	4	4	4	1	1	2
50	4	4	4	4	4	4	4	4	4	4	4	4	4	4	4	4	1	1	2
51	4	4	4	4	4	4	4	4	4	4	4	4	4	4	4	4	1	1	2
52	5	5	5	5	5	5	5	5	5	5	5	5	5	5	5	5	1	1	5
53	4	4	4	4	3	4	4	4	4	4	4	4	4	4	4	4	1	1	2
54	4	4	4	5	5	4	4	5	5	4	5	5	5	4	5	5	1	1	3
55	5	5	5	5	5	5	5	5	5	5	5	5	5	5	5	5	1	1	2
56	4	4	4	4	4	4	4	4	4	4	4	4	4	4	4	4	1	1	3
57	4	4	4	4	5	4	4	4	3	4	3	4	5	3	5	5	1	1	3
58	4	4	4	4	4	4	4	4	4	4	4	4	4	4	4	5	1	1	2
59	4	3	4	4	3	3	4	4	3	4	4	3	4	4	4	4	1	1	1
60	5	5	5	5	5	5	5	5	5	5	5	5	5	5	5	5	1	1	2
61	5	5	5	5	5	5	5	5	5	5	5	5	5	5	5	5	1	1	3
62	5	5	5	5	5	5	5	5	5	5	5	5	5	5	5	5	1	1	0
63	4	5	5	4	4	5	5	5	4	4	5	4	4	5	4	4	1	1	3
64	5	5	5	5	5	5	5	5	5	5	5	5	5	5	5	5	1	1	4
65	4	4	4	5	4	3	3	4	4	3	3	4	4	4	4	4	1	1	2
66	5	5	5	5	5	5	5	5	5	5	5	5	5	5	5	5	1	1	2
67	5	5	5	5	5	5	5	5	5	5	5	5	5	5	5	5	1	1	1
68	5	5	5	5	5	5	5	5	5	5	5	5	5	5	5	5	1	1	5
69	5	5	5	5	5	5	5	5	5	5	5	5	5	5	5	5	1	1	2
70	5	5	5	5	5	5	5	5	5	5	5	5	5	5	5	5	1	1	2
71	5	5	5	5	5	5	5	5	5	5	5	5	5	5	5	5	1	1	2
72	5	5	5	5	5	5	5	5	5	5	5	5	5	5	5	5	1	1	3
73	4	3	4	5	5	5	4	5	5	4	5	5	4	5	4	4	1	1	2
74	3	3	3	3	3	3	3	3	3	3	3	3	3	3	3	3	1	1	2
75	5	5	5	5	5	5	4	5	5	5	5	5	4	5	5	5	1	1	2

Ghi chú câu hỏi:
"[1]: GV có phương pháp truyền đạt rõ ràng, dễ hiểu."
[2]: GV có tác phong và cách ứng xử chuẩn mực.
[3]: GV đảm bảo giờ lên lớp đúng theo thời khóa biểu.
[4]: GV giới thiệu đầy đủ giáo trình/bài giảng và các tài liệu tham khảo.
[5]: GV giới thiệu đề cương chi tiết học phần với đầy đủ thông tin.
[6]: GV nhiệt tình và có trách nhiệm trong giảng dạy.
[7]: GV phối hợp hiệu quả các phương pháp giảng dạy.
[8]: GV thường xuyên có sự liên hệ giữa lý thuyết và thực tiễn trong giảng dạy.
"[9]: GV thường xuyên kiểm tra kết quả tự học, tự nghiên cứu của SV."
[10]: SV cảm thấy hứng thú trong giờ học.
[11]: SV được GV tư vấn học tập ngoài giờ lên lớp (thông qua gặp gỡ hoặc email).
"[12]: SV được kiểm tra-đánh giá công bằng, đúng thực chất trong quá trình học."
[13]: SV được kiểm tra-đánh giá theo đúng kế hoạch và nội dung đã công bố.
"[14]: SV được tạo nhiều cơ hội để chia sẻ ý kiến, quan điểm, hiểu biết."
"[15]: SV nhận được nhiều kiến thức, kỹ năng cần thiết từ học phần."
[16]: Cảm nhận chung của anh/chị về học phần này:.
[17]: Giới tính.
[18]: Tỷ lệ thời gian tham dự lớp học của anh/chị đối với HP này:.
[19]: Xếp loại học lực của anh/chị trong học kỳ vừa qua (nếu có):.
